1
1
3
0
(64 0
((0,0) (15,15) (0,0))
((16,0) (31,15) (0,0))
((32,0) (47,15) (0,0))
((48,0) (63,15) (0,0))
((64,0) (79,15) (0,0))
((80,0) (95,15) (0,0))
((96,0) (111,15) (0,0))
((112,0) (127,15) (0,0))
((0,16) (15,31) (0,0))
((16,16) (31,31) (0,0))
((32,16) (47,31) (0,0))
((48,16) (63,31) (0,0))
((64,16) (79,31) (0,0))
((80,16) (95,31) (0,0))
((96,16) (111,31) (0,0))
((112,16) (127,31) (0,0))
((0,32) (15,47) (0,0))
((16,32) (31,47) (0,0))
((32,32) (47,47) (0,0))
((48,32) (63,47) (0,0))
((64,32) (79,47) (0,0))
((80,32) (95,47) (0,0))
((96,32) (111,47) (0,0))
((112,32) (127,47) (0,0))
((0,48) (15,63) (0,0))
((16,48) (31,63) (0,0))
((32,48) (47,63) (0,0))
((48,48) (63,63) (0,0))
((64,48) (79,63) (0,0))
((80,48) (95,63) (0,0))
((96,48) (111,63) (0,0))
((112,48) (127,63) (0,0))
((0,64) (15,79) (0,0))
((16,64) (31,79) (0,0))
((32,64) (47,79) (0,0))
((48,64) (63,79) (0,0))
((64,64) (79,79) (0,0))
((80,64) (95,79) (0,0))
((96,64) (111,79) (0,0))
((112,64) (127,79) (0,0))
((0,80) (15,95) (0,0))
((16,80) (31,95) (0,0))
((32,80) (47,95) (0,0))
((48,80) (63,95) (0,0))
((64,80) (79,95) (0,0))
((80,80) (95,95) (0,0))
((96,80) (111,95) (0,0))
((112,80) (127,95) (0,0))
((0,96) (15,111) (0,0))
((16,96) (31,111) (0,0))
((32,96) (47,111) (0,0))
((48,96) (63,111) (0,0))
((64,96) (79,111) (0,0))
((80,96) (95,111) (0,0))
((96,96) (111,111) (0,0))
((112,96) (127,111) (0,0))
((0,112) (15,127) (0,0))
((16,112) (31,127) (0,0))
((32,112) (47,127) (0,0))
((48,112) (63,127) (0,0))
((64,112) (79,127) (0,0))
((80,112) (95,127) (0,0))
((96,112) (111,127) (0,0))
((112,112) (127,127) (0,0))
)
64
FabOnDisk: Cell_D_00000 0
FabOnDisk: Cell_D_00000 6226
FabOnDisk: Cell_D_00000 12453
FabOnDisk: Cell_D_00000 18680
FabOnDisk: Cell_D_00000 24907
FabOnDisk: Cell_D_00000 31134
FabOnDisk: Cell_D_00000 37361
FabOnDisk: Cell_D_00000 43589
FabOnDisk: Cell_D_00000 49818
FabOnDisk: Cell_D_00000 56045
FabOnDisk: Cell_D_00000 62273
FabOnDisk: Cell_D_00000 68501
FabOnDisk: Cell_D_00000 74729
FabOnDisk: Cell_D_00000 80957
FabOnDisk: Cell_D_00000 87185
FabOnDisk: Cell_D_00000 93414
FabOnDisk: Cell_D_00000 99644
FabOnDisk: Cell_D_00000 105871
FabOnDisk: Cell_D_00000 112099
FabOnDisk: Cell_D_00000 118327
FabOnDisk: Cell_D_00000 124555
FabOnDisk: Cell_D_00000 130783
FabOnDisk: Cell_D_00000 137011
FabOnDisk: Cell_D_00000 143240
FabOnDisk: Cell_D_00000 149470
FabOnDisk: Cell_D_00000 155697
FabOnDisk: Cell_D_00000 161925
FabOnDisk: Cell_D_00000 168153
FabOnDisk: Cell_D_00000 174381
FabOnDisk: Cell_D_00000 180609
FabOnDisk: Cell_D_00000 186837
FabOnDisk: Cell_D_00000 193066
FabOnDisk: Cell_D_00000 199296
FabOnDisk: Cell_D_00000 205523
FabOnDisk: Cell_D_00000 211751
FabOnDisk: Cell_D_00000 217979
FabOnDisk: Cell_D_00000 224207
FabOnDisk: Cell_D_00000 230435
FabOnDisk: Cell_D_00000 236663
FabOnDisk: Cell_D_00000 242892
FabOnDisk: Cell_D_00000 249122
FabOnDisk: Cell_D_00000 255349
FabOnDisk: Cell_D_00000 261577
FabOnDisk: Cell_D_00000 267805
FabOnDisk: Cell_D_00000 274033
FabOnDisk: Cell_D_00000 280261
FabOnDisk: Cell_D_00000 286489
FabOnDisk: Cell_D_00000 292718
FabOnDisk: Cell_D_00000 298948
FabOnDisk: Cell_D_00000 305176
FabOnDisk: Cell_D_00000 311405
FabOnDisk: Cell_D_00000 317634
FabOnDisk: Cell_D_00000 323863
FabOnDisk: Cell_D_00000 330092
FabOnDisk: Cell_D_00000 336321
FabOnDisk: Cell_D_00000 342551
FabOnDisk: Cell_D_00000 348782
FabOnDisk: Cell_D_00000 355011
FabOnDisk: Cell_D_00000 361241
FabOnDisk: Cell_D_00000 367471
FabOnDisk: Cell_D_00000 373701
FabOnDisk: Cell_D_00000 379931
FabOnDisk: Cell_D_00000 386161
FabOnDisk: Cell_D_00000 392392

64,3
-4.9984940934810212e-01,-6.8933286801678284e-01,1.7773913169764562e-02,
-4.2230984085831780e-01,-4.7546616283629095e-01,5.2453383716370905e-01,
-2.4378939754332302e-01,6.0227189741380010e-04,5.2453383716370905e-01,
-6.8862933936184367e-02,1.7773913169764559e-02,1.7773913169764590e-02,
-6.8862933936184312e-02,1.7773913169764562e-02,-6.8933286801678284e-01,
-2.4378939754332296e-01,6.0227189741380617e-04,-9.9939772810258620e-01,
-4.2230984085831780e-01,-4.7546616283629084e-01,-9.9939772810258620e-01,
-4.9984940934810212e-01,-6.8933286801678284e-01,-6.8933286801678317e-01,
-4.2230984085831780e-01,-9.9939772810258620e-01,6.0227189741380303e-04,
-3.4477027236853347e-01,-6.8933286801678295e-01,1.7773913169764545e-02,
-1.6624982905353869e-01,1.7773913169764455e-02,1.7773913169764545e-02,
8.6766345535999601e-03,5.2453383716370894e-01,6.0227189741380400e-04,
8.6766345536000156e-03,5.2453383716370905e-01,-4.7546616283629095e-01,
-1.6624982905353863e-01,1.7773913169764635e-02,-6.8933286801678295e-01,
-3.4477027236853341e-01,-6.8933286801678284e-01,-6.8933286801678295e-01,
-4.2230984085831780e-01,-9.9939772810258620e-01,-4.7546616283629117e-01,
-2.4378939754332302e-01,-9.9939772810258620e-01,-4.7546616283629095e-01,
-1.6624982905353869e-01,-6.8933286801678295e-01,-6.8933286801678295e-01,
1.2270614261456071e-02,1.7773913169764455e-02,-6.8933286801678295e-01,
1.8719707786859474e-01,5.2453383716370894e-01,-4.7546616283629112e-01,
1.8719707786859480e-01,5.2453383716370905e-01,6.0227189741379500e-04,
1.2270614261456134e-02,1.7773913169764635e-02,1.7773913169764451e-02,
-1.6624982905353866e-01,-6.8933286801678284e-01,1.7773913169764458e-02,
-2.4378939754332302e-01,-9.9939772810258620e-01,6.0227189741380400e-04,
-6.8862933936184367e-02,-6.8933286801678306e-01,-6.8933286801678284e-01,
8.6766345535999601e-03,-4.7546616283629112e-01,-9.9939772810258620e-01,
1.8719707786859474e-01,6.0227189741380097e-04,-9.9939772810258620e-01,
3.6212354147573339e-01,1.7773913169764587e-02,-6.8933286801678306e-01,
3.6212354147573345e-01,1.7773913169764590e-02,1.7773913169764406e-02,
1.8719707786859480e-01,6.0227189741380704e-04,5.2453383716370883e-01,
8.6766345535999878e-03,-4.7546616283629101e-01,5.2453383716370894e-01,
-6.8862933936184367e-02,-6.8933286801678306e-01,1.7773913169764673e-02,
-6.8862933936184312e-02,1.7773913169764413e-02,-6.8933286801678284e-01,
8.6766345536000156e-03,6.0227189741379793e-04,-9.9939772810258620e-01,
1.8719707786859480e-01,-4.7546616283629095e-01,-9.9939772810258620e-01,
3.6212354147573345e-01,-6.8933286801678284e-01,-6.8933286801678306e-01,
3.6212354147573350e-01,-6.8933286801678284e-01,1.7773913169764413e-02,
1.8719707786859485e-01,-4.7546616283629101e-01,5.2453383716370894e-01,
8.6766345536000433e-03,6.0227189741379197e-04,5.2453383716370916e-01,
-6.8862933936184312e-02,1.7773913169764406e-02,1.7773913169764680e-02,
-2.4378939754332296e-01,5.2453383716370894e-01,-4.7546616283629101e-01,
-1.6624982905353863e-01,1.7773913169764542e-02,-6.8933286801678306e-01,
1.2270614261456134e-02,-6.8933286801678295e-01,-6.8933286801678306e-01,
1.8719707786859480e-01,-9.9939772810258620e-01,-4.7546616283629117e-01,
1.8719707786859485e-01,-9.9939772810258620e-01,6.0227189741380097e-04,
1.2270614261456194e-02,-6.8933286801678306e-01,1.7773913169764632e-02,
-1.6624982905353861e-01,1.7773913169764365e-02,1.7773913169764635e-02,
-2.4378939754332296e-01,5.2453383716370872e-01,6.0227189741381007e-04,
-4.2230984085831780e-01,5.2453383716370916e-01,6.0227189741379706e-04,
-3.4477027236853341e-01,1.7773913169764545e-02,1.7773913169764368e-02,
-1.6624982905353866e-01,-6.8933286801678295e-01,1.7773913169764368e-02,
8.6766345535999878e-03,-9.9939772810258620e-01,6.0227189741379804e-04,
8.6766345536000433e-03,-9.9939772810258620e-01,-4.7546616283629084e-01,
-1.6624982905353861e-01,-6.8933286801678306e-01,-6.8933286801678284e-01,
-3.4477027236853341e-01,1.7773913169764372e-02,-6.8933286801678284e-01,
-4.2230984085831780e-01,5.2453383716370894e-01,-4.7546616283629112e-01,
-4.9984940934810212e-01,1.7773913169764680e-02,1.7773913169764555e-02,
-4.2230984085831780e-01,6.0227189741380693e-04,5.2453383716370883e-01,
-2.4378939754332302e-01,-4.7546616283629117e-01,5.2453383716370883e-01,
-6.8862933936184367e-02,-6.8933286801678317e-01,1.7773913169764583e-02,
-6.8862933936184312e-02,-6.8933286801678317e-01,-6.8933286801678284e-01,
-2.4378939754332296e-01,-4.7546616283629123e-01,-9.9939772810258620e-01,
-4.2230984085831780e-01,6.0227189741380097e-04,-9.9939772810258620e-01,
-4.9984940934810212e-01,1.7773913169764670e-02,-6.8933286801678317e-01,

64,3
-3.6212354147573350e-01,-1.7773913169764562e-02,6.8933286801678284e-01,
-1.8719707786859482e-01,-6.0227189741380303e-04,9.9939772810258620e-01,
-8.6766345536000156e-03,4.7546616283629095e-01,9.9939772810258620e-01,
6.8862933936184312e-02,6.8933286801678284e-01,6.8933286801678306e-01,
6.8862933936184312e-02,6.8933286801678284e-01,-1.7773913169764413e-02,
-8.6766345535999878e-03,4.7546616283629101e-01,-5.2453383716370894e-01,
-1.8719707786859477e-01,-6.0227189741379706e-04,-5.2453383716370916e-01,
-3.6212354147573345e-01,-1.7773913169764555e-02,-1.7773913169764680e-02,
-1.8719707786859482e-01,-5.2453383716370905e-01,4.7546616283629095e-01,
-1.2270614261456132e-02,-1.7773913169764545e-02,6.8933286801678295e-01,
1.6624982905353866e-01,6.8933286801678295e-01,6.8933286801678295e-01,
2.4378939754332299e-01,9.9939772810258620e-01,4.7546616283629112e-01,
2.4378939754332299e-01,9.9939772810258620e-01,-6.0227189741379793e-04,
1.6624982905353869e-01,6.8933286801678306e-01,-1.7773913169764542e-02,
-1.2270614261456071e-02,-1.7773913169764368e-02,-1.7773913169764545e-02,
-1.8719707786859474e-01,-5.2453383716370883e-01,-6.0227189741380693e-04,
-8.6766345536000156e-03,-5.2453383716370905e-01,-6.0227189741380010e-04,
1.6624982905353866e-01,-1.7773913169764545e-02,-1.7773913169764455e-02,
3.4477027236853347e-01,6.8933286801678295e-01,-1.7773913169764455e-02,
4.2230984085831780e-01,9.9939772810258620e-01,-6.0227189741380097e-04,
4.2230984085831780e-01,9.9939772810258620e-01,4.7546616283629095e-01,
3.4477027236853353e-01,6.8933286801678306e-01,6.8933286801678295e-01,
1.6624982905353872e-01,-1.7773913169764368e-02,6.8933286801678295e-01,
-8.6766345535999323e-03,-5.2453383716370883e-01,4.7546616283629117e-01,
6.8862933936184312e-02,-1.7773913169764590e-02,-1.7773913169764559e-02,
2.4378939754332299e-01,-6.0227189741380400e-04,-5.2453383716370894e-01,
4.2230984085831780e-01,4.7546616283629112e-01,-5.2453383716370894e-01,
4.9984940934810212e-01,6.8933286801678306e-01,-1.7773913169764587e-02,
4.9984940934810212e-01,6.8933286801678306e-01,6.8933286801678284e-01,
4.2230984085831780e-01,4.7546616283629117e-01,9.9939772810258620e-01,
2.4378939754332304e-01,-6.0227189741379804e-04,9.9939772810258620e-01,
6.8862933936184395e-02,-1.7773913169764583e-02,6.8933286801678317e-01,
6.8862933936184312e-02,6.8933286801678284e-01,-1.7773913169764562e-02,
2.4378939754332299e-01,4.7546616283629095e-01,-5.2453383716370905e-01,
4.2230984085831780e-01,-6.0227189741379500e-04,-5.2453383716370905e-01,
4.9984940934810212e-01,-1.7773913169764406e-02,-1.7773913169764590e-02,
4.9984940934810212e-01,-1.7773913169764413e-02,6.8933286801678284e-01,
4.2230984085831780e-01,-6.0227189741380097e-04,9.9939772810258620e-01,
2.4378939754332304e-01,4.7546616283629084e-01,9.9939772810258620e-01,
6.8862933936184395e-02,6.8933286801678284e-01,6.8933286801678317e-01,
-8.6766345535999878e-03,9.9939772810258620e-01,-6.0227189741380617e-04,
1.6624982905353869e-01,6.8933286801678295e-01,-1.7773913169764635e-02,
3.4477027236853353e-01,-1.7773913169764451e-02,-1.7773913169764635e-02,
4.2230984085831780e-01,-5.2453383716370883e-01,-6.0227189741380704e-04,
4.2230984085831780e-01,-5.2453383716370894e-01,4.7546616283629101e-01,
3.4477027236853353e-01,-1.7773913169764632e-02,6.8933286801678306e-01,
1.6624982905353874e-01,6.8933286801678284e-01,6.8933286801678306e-01,
-8.6766345535999045e-03,9.9939772810258620e-01,4.7546616283629123e-01,
-1.8719707786859477e-01,9.9939772810258620e-01,4.7546616283629084e-01,
-1.2270614261456071e-02,6.8933286801678295e-01,6.8933286801678284e-01,
1.6624982905353872e-01,-1.7773913169764458e-02,6.8933286801678284e-01,
2.4378939754332304e-01,-5.2453383716370894e-01,4.7546616283629101e-01,
2.4378939754332304e-01,-5.2453383716370916e-01,-6.0227189741379197e-04,
1.6624982905353874e-01,-1.7773913169764635e-02,-1.7773913169764365e-02,
-1.2270614261456010e-02,6.8933286801678284e-01,-1.7773913169764372e-02,
-1.8719707786859469e-01,9.9939772810258620e-01,-6.0227189741380097e-04,
-3.6212354147573345e-01,6.8933286801678317e-01,6.8933286801678284e-01,
-1.8719707786859474e-01,4.7546616283629117e-01,9.9939772810258620e-01,
-8.6766345535999323e-03,-6.0227189741380400e-04,9.9939772810258620e-01,
6.8862933936184395e-02,-1.7773913169764673e-02,6.8933286801678306e-01,
6.8862933936184395e-02,-1.7773913169764680e-02,-1.7773913169764406e-02,
-8.6766345535999045e-03,-6.0227189741381007e-04,-5.2453383716370872e-01,
-1.8719707786859469e-01,4.7546616283629112e-01,-5.2453383716370894e-01,
-3.6212354147573333e-01,6.8933286801678317e-01,-1.7773913169764670e-02,

