1
1
6
0
(64 0
((0,0) (15,15) (0,0))
((16,0) (31,15) (0,0))
((32,0) (47,15) (0,0))
((48,0) (63,15) (0,0))
((64,0) (79,15) (0,0))
((80,0) (95,15) (0,0))
((96,0) (111,15) (0,0))
((112,0) (127,15) (0,0))
((0,16) (15,31) (0,0))
((16,16) (31,31) (0,0))
((32,16) (47,31) (0,0))
((48,16) (63,31) (0,0))
((64,16) (79,31) (0,0))
((80,16) (95,31) (0,0))
((96,16) (111,31) (0,0))
((112,16) (127,31) (0,0))
((0,32) (15,47) (0,0))
((16,32) (31,47) (0,0))
((32,32) (47,47) (0,0))
((48,32) (63,47) (0,0))
((64,32) (79,47) (0,0))
((80,32) (95,47) (0,0))
((96,32) (111,47) (0,0))
((112,32) (127,47) (0,0))
((0,48) (15,63) (0,0))
((16,48) (31,63) (0,0))
((32,48) (47,63) (0,0))
((48,48) (63,63) (0,0))
((64,48) (79,63) (0,0))
((80,48) (95,63) (0,0))
((96,48) (111,63) (0,0))
((112,48) (127,63) (0,0))
((0,64) (15,79) (0,0))
((16,64) (31,79) (0,0))
((32,64) (47,79) (0,0))
((48,64) (63,79) (0,0))
((64,64) (79,79) (0,0))
((80,64) (95,79) (0,0))
((96,64) (111,79) (0,0))
((112,64) (127,79) (0,0))
((0,80) (15,95) (0,0))
((16,80) (31,95) (0,0))
((32,80) (47,95) (0,0))
((48,80) (63,95) (0,0))
((64,80) (79,95) (0,0))
((80,80) (95,95) (0,0))
((96,80) (111,95) (0,0))
((112,80) (127,95) (0,0))
((0,96) (15,111) (0,0))
((16,96) (31,111) (0,0))
((32,96) (47,111) (0,0))
((48,96) (63,111) (0,0))
((64,96) (79,111) (0,0))
((80,96) (95,111) (0,0))
((96,96) (111,111) (0,0))
((112,96) (127,111) (0,0))
((0,112) (15,127) (0,0))
((16,112) (31,127) (0,0))
((32,112) (47,127) (0,0))
((48,112) (63,127) (0,0))
((64,112) (79,127) (0,0))
((80,112) (95,127) (0,0))
((96,112) (111,127) (0,0))
((112,112) (127,127) (0,0))
)
64
FabOnDisk: Cell_D_00000 0
FabOnDisk: Cell_D_00000 12370
FabOnDisk: Cell_D_00000 24741
FabOnDisk: Cell_D_00000 37112
FabOnDisk: Cell_D_00000 49483
FabOnDisk: Cell_D_00000 61854
FabOnDisk: Cell_D_00000 74225
FabOnDisk: Cell_D_00000 86597
FabOnDisk: Cell_D_00000 98970
FabOnDisk: Cell_D_00000 111341
FabOnDisk: Cell_D_00000 123713
FabOnDisk: Cell_D_00000 136085
FabOnDisk: Cell_D_00000 148457
FabOnDisk: Cell_D_00000 160829
FabOnDisk: Cell_D_00000 173201
FabOnDisk: Cell_D_00000 185574
FabOnDisk: Cell_D_00000 197948
FabOnDisk: Cell_D_00000 210319
FabOnDisk: Cell_D_00000 222691
FabOnDisk: Cell_D_00000 235063
FabOnDisk: Cell_D_00000 247435
FabOnDisk: Cell_D_00000 259807
FabOnDisk: Cell_D_00000 272179
FabOnDisk: Cell_D_00000 284552
FabOnDisk: Cell_D_00000 296926
FabOnDisk: Cell_D_00000 309297
FabOnDisk: Cell_D_00000 321669
FabOnDisk: Cell_D_00000 334041
FabOnDisk: Cell_D_00000 346413
FabOnDisk: Cell_D_00000 358785
FabOnDisk: Cell_D_00000 371157
FabOnDisk: Cell_D_00000 383530
FabOnDisk: Cell_D_00000 395904
FabOnDisk: Cell_D_00000 408275
FabOnDisk: Cell_D_00000 420647
FabOnDisk: Cell_D_00000 433019
FabOnDisk: Cell_D_00000 445391
FabOnDisk: Cell_D_00000 457763
FabOnDisk: Cell_D_00000 470135
FabOnDisk: Cell_D_00000 482508
FabOnDisk: Cell_D_00000 494882
FabOnDisk: Cell_D_00000 507253
FabOnDisk: Cell_D_00000 519625
FabOnDisk: Cell_D_00000 531997
FabOnDisk: Cell_D_00000 544369
FabOnDisk: Cell_D_00000 556741
FabOnDisk: Cell_D_00000 569113
FabOnDisk: Cell_D_00000 581486
FabOnDisk: Cell_D_00000 593860
FabOnDisk: Cell_D_00000 606232
FabOnDisk: Cell_D_00000 618605
FabOnDisk: Cell_D_00000 630978
FabOnDisk: Cell_D_00000 643351
FabOnDisk: Cell_D_00000 655724
FabOnDisk: Cell_D_00000 668097
FabOnDisk: Cell_D_00000 680471
FabOnDisk: Cell_D_00000 692846
FabOnDisk: Cell_D_00000 705219
FabOnDisk: Cell_D_00000 717593
FabOnDisk: Cell_D_00000 729967
FabOnDisk: Cell_D_00000 742341
FabOnDisk: Cell_D_00000 754715
FabOnDisk: Cell_D_00000 767089
FabOnDisk: Cell_D_00000 779464

64,6
1.4991064916743824e-01,1.5032217912802359e-01,1.4033160283100869e+00,-5.4373199020126776e+01,3.8533792280222912e-02,3.8533792280222912e-02,
1.5388246414983384e-01,1.5031959852013643e-01,4.7807673949165519e-02,-7.8830489308040342e+01,1.1371878399630404e+00,3.8533792280222912e-02,
-3.0536548949542883e+00,1.5417224038679897e-01,-3.7504906847060738e+01,-7.8830489092648349e+01,1.1371878399630440e+00,3.8533792280222912e-02,
-3.0538320912547974e+00,1.5408269595115667e-01,-5.4373312644464022e+01,-5.4373194641280861e+01,3.8533792280224688e-02,3.8533792280224688e-02,
1.5025524857872274e-01,1.4995922589412114e-01,-5.4373206541038599e+01,1.4033160294463300e+00,-1.0826928283106838e+00,3.8533792280224688e-02,
1.5393027292853978e-01,1.4996168955443223e-01,-3.7502815713070049e+01,4.1375486151478981e+01,-1.5696926739612707e+00,3.8533792280222912e-02,
-3.0536836312177371e+00,1.5397420090821626e-01,4.7383162519643918e-02,4.1375606592038821e+01,-1.5696926739612707e+00,3.8533792280222912e-02,
-3.0538820994864544e+00,1.5406612787735491e-01,1.4006824379801515e+00,1.4033219355903839e+00,-1.0826928283106803e+00,3.8533792280222912e-02,
1.4991322985855238e-01,1.5389680449162135e-01,4.1375486136004838e+01,-3.7502594439852146e+01,3.8533792280222912e-02,1.1371878399630404e+00,
-6.1185669051389002e-05,6.1175877374253229e-05,1.4021747535331883e+00,-5.4371965235073731e+01,1.1371878399630440e+00,1.1371878399630440e+00,
-3.2114680134725155e+00,7.0971061082281128e-04,-5.4374397491352283e+01,-5.4371962734025146e+01,1.1371878399630431e+00,1.1371878399630440e+00,
-3.2039107896750143e+00,1.6898298425542305e-01,-7.8830608660804501e+01,-3.7502473709092556e+01,3.8533792280222912e-02,1.1371878399630440e+00,
1.5024929916134488e-01,1.5388484816863568e-01,-7.8830496839327679e+01,4.7807674024674895e-02,-1.0826928283106847e+00,1.1371878399630440e+00,
1.0969774841401714e-04,-6.1133734707896625e-05,-5.4372186508400773e+01,1.4021747545589847e+00,-1.5696926739612707e+00,1.1371878399630440e+00,
-3.2112119643104045e+00,7.7214866214148081e-04,1.4017557205741014e+00,1.4021850009326045e+00,-1.5696926739612707e+00,1.1371878399630404e+00,
-3.2036743231170104e+00,1.6896156503507251e-01,4.1372962774143161e+01,4.7808124663983875e-02,-1.0826928283106803e+00,1.1371878399630404e+00,
1.5397777550739086e-01,-3.0536689354045841e+00,4.1375606607556620e+01,4.7688591234770428e-02,3.8533792280222912e-02,1.1371878399630440e+00,
7.7233204720766890e-04,-3.2111906576775500e+00,1.4021850019602198e+00,1.4020611287328393e+00,1.1371878399630440e+00,1.1371878399630431e+00,
-3.2440595548905868e+00,-3.2439070994790455e+00,-5.4374399670905404e+01,1.4020596665977791e+00,1.1371878399630404e+00,1.1371878399630404e+00,
-3.2385860224634975e+00,-3.2031940925328968e+00,-7.8830609014821675e+01,4.7688572740000268e-02,3.8533792280222912e-02,1.1371878399630404e+00,
1.5407520418311008e-01,-3.0536875171437288e+00,-7.8830496623937506e+01,-3.7504906861136988e+01,-1.0826928283106856e+00,1.1371878399630404e+00,
7.5823250578105350e-04,-3.2114688197110790e+00,-5.4372184007332180e+01,-5.4374397491896161e+01,-1.5696926739612707e+00,1.1371878399630404e+00,
-3.2439269847177101e+00,-3.2440370537425629e+00,1.4017542584384159e+00,-5.4374399670065031e+01,-1.5696926739612707e+00,1.1371878399630431e+00,
-3.2384710285382283e+00,-3.2032187100624583e+00,4.1372844979358888e+01,-3.7505024368225349e+01,-1.0826928283106794e+00,1.1371878399630440e+00,
1.5406732043493404e-01,-3.0538766006283860e+00,1.4033219359636178e+00,1.4008931074957900e+00,3.8533792280224688e-02,3.8533792280224688e-02,
1.6896394261426315e-01,-3.2036458661642473e+00,4.7808124689016296e-02,4.1373173446389046e+01,1.1371878399630440e+00,3.8533792280222912e-02,
-3.2032512543204881e+00,-3.2384450047898774e+00,-3.7505024382264310e+01,4.1373055651592040e+01,1.1371878399630404e+00,3.8533792280222912e-02,
-3.2038000038338801e+00,-3.2037566508259694e+00,-5.4373319970036391e+01,1.4008873423331352e+00,3.8533792280222912e-02,3.8533792280222912e-02,
1.5408031399464059e-01,-3.0538664402583535e+00,-5.4373202162203597e+01,-5.4373312665387857e+01,-1.0826928283106838e+00,3.8533792280222912e-02,
1.6901645239962432e-01,-3.2039116381073156e+00,-3.7502694982307730e+01,-7.8830608661332008e+01,-1.5696926739612724e+00,3.8533792280222912e-02,
-3.2032087887589853e+00,-3.2385623302681772e+00,4.7383144024825796e-02,-7.8830609013284629e+01,-1.5696926739612707e+00,3.8533792280222912e-02,
-3.2037762789362567e+00,-3.2037657369453711e+00,1.4006766728171556e+00,-5.4373319949150755e+01,-1.0826928283106785e+00,3.8533792280224688e-02,
1.5027360236640819e-01,1.4997758008545703e-01,-5.4373199041076077e+01,1.4031053589727094e+00,3.8533792280224688e-02,-1.0826928283106838e+00,
1.5389442141471599e-01,1.4998352959576700e-01,-3.7502594454669634e+01,4.1375275469017652e+01,1.1371878399630440e+00,-1.0826928283106847e+00,
-3.0536363132988242e+00,1.5407481222953309e-01,4.7688591234617661e-02,4.1375395940583985e+01,1.1371878399630404e+00,-1.0826928283106856e+00,
-3.0538740744904738e+00,1.5406970270138265e-01,1.4008931085792256e+00,1.4031112666265244e+00,3.8533792280222912e-02,-1.0826928283106838e+00,
1.5002615681217124e-01,1.5020667181704095e-01,1.4031053601088956e+00,-5.4373206561993356e+01,-1.0826928283106838e+00,-1.0826928283106838e+00,
1.5385138557632508e-01,1.5020083942014262e-01,4.7502243874303574e-02,-7.8830496839835178e+01,-1.5696926739612724e+00,-1.0826928283106838e+00,
-3.0536728180485113e+00,1.5407877879021231e-01,-3.7505128133584549e+01,-7.8830496622393184e+01,-1.5696926739612707e+00,-1.0826928283106838e+00,
-3.0538468087651935e+00,1.5408150642137297e-01,-5.4373320140195574e+01,-5.4373202141294314e+01,-1.0826928283106785e+00,-1.0826928283106838e+00,
1.5027113877896503e-01,1.5384900182990396e-01,-7.8830489308549659e+01,4.7502243798863475e-02,3.8533792280222912e-02,-1.5696926739612707e+00,
6.1109355262267684e-05,-1.0969882649303209e-04,-5.4371965235624884e+01,1.4018693030180316e+00,1.1371878399630440e+00,-1.5696926739612707e+00,
-3.2111898622859472e+00,7.2381891025702361e-04,1.4020611287330667e+00,1.4018795514443809e+00,1.1371878399630404e+00,-1.5696926739612707e+00,
-3.2036450280848063e+00,1.6893047995314517e-01,4.1373173461166516e+01,4.7502694538627210e-02,3.8533792280222912e-02,-1.5696926739612724e+00,
1.5003198929167683e-01,1.5392788957925566e-01,4.1375275484516351e+01,-3.7502815727889356e+01,-1.0826928283106838e+00,-1.5696926739612724e+00,
-1.0964690138137723e-04,1.0963121707524559e-04,1.4018693040437142e+00,-5.4372186508959203e+01,-1.5696926739612707e+00,-1.5696926739612707e+00,
-3.2114475091943486e+00,7.5840135731708447e-04,-5.4374618764079059e+01,-5.4372184006424504e+01,-1.5696926739612707e+00,-1.5696926739612707e+00,
-3.2038831766229241e+00,1.6901883070416110e-01,-7.8830616125760571e+01,-3.7502694967526622e+01,-1.0826928283106794e+00,-1.5696926739612707e+00,
1.5417581499382388e-01,-3.0536401956570174e+00,-7.8830489091105846e+01,-3.7505128119511937e+01,3.8533792280222912e-02,-1.5696926739612707e+00,
7.0987945312667167e-04,-3.2114467029489879e+00,-5.4371962733121109e+01,-5.4374618763537001e+01,1.1371878399630404e+00,-1.5696926739612707e+00,
-3.2439296004716951e+00,-3.2440396666502913e+00,1.4020596665982907e+00,-5.4374620943110131e+01,1.1371878399630431e+00,-1.5696926739612707e+00,
-3.2384710218421233e+00,-3.2032365554361526e+00,4.1373055636784557e+01,-3.7505245654719147e+01,3.8533792280222912e-02,-1.5696926739612707e+00,
1.5407123763030636e-01,-3.0536510093140414e+00,4.1375395925069824e+01,4.7383162519434308e-02,-1.0826928283106838e+00,-1.5696926739612707e+00,
7.2363553441773254e-04,-3.2112111689256833e+00,1.4018795504168224e+00,1.4017557205743287e+00,-1.5696926739612707e+00,-1.5696926739612707e+00,
-3.2440171654018641e+00,-3.2439494856099351e+00,-5.4374620942267939e+01,1.4017542584388138e+00,-1.5696926739612707e+00,-1.5696926739612707e+00,
-3.2385357681128966e+00,-3.2032413314148371e+00,-7.8830616477713193e+01,4.7383144025111790e-02,-1.0826928283106803e+00,-1.5696926739612707e+00,
1.5408388837789083e-01,-3.0538172488371065e+00,-5.4373194620380673e+01,-5.4373320119268101e+01,3.8533792280222912e-02,-1.0826928283106803e+00,
1.6898536228757982e-01,-3.2038823281841320e+00,-3.7502473694305991e+01,-7.8830616125236702e+01,1.1371878399630404e+00,-1.0826928283106803e+00,
-3.2032266353908021e+00,-3.2385594604040335e+00,4.7688572740238300e-02,-7.8830616479253877e+01,1.1371878399630440e+00,-1.0826928283106794e+00,
-3.2037909163287281e+00,-3.2037803725454026e+00,1.4008873419774091e+00,-5.4373327444836832e+01,3.8533792280224688e-02,-1.0826928283106785e+00,
1.5406851014380532e-01,-3.0538747714668775e+00,1.4031112662531200e+00,1.4006824390637576e+00,-1.0826928283106838e+00,-1.0826928283106785e+00,
1.6892810264633207e-01,-3.2036734850441473e+00,4.7502694513676502e-02,4.1372962788924269e+01,-1.5696926739612707e+00,-1.0826928283106794e+00,
-3.2032040109760729e+00,-3.2384970454826103e+00,-3.7505245640673820e+01,4.1372844964542310e+01,-1.5696926739612707e+00,-1.0826928283106803e+00,
-3.2037461054641092e+00,-3.2038105442461777e+00,-5.4373327423960291e+01,1.4006766724617705e+00,-1.0826928283106803e+00,-1.0826928283106803e+00,

64,6
3.1998467545388509e+00,3.1998199748992842e+00,5.4373318661002486e+01,-1.4006285691888252e+00,1.0826928283106838e+00,1.0826928283106838e+00,
3.2073824737644321e+00,3.0573738527038379e+00,3.7505129732750902e+01,-4.1372966747815553e+01,1.5696926739612742e+00,1.0826928283106838e+00,
-1.3928454733128835e-04,3.2075452339622572e+00,-4.7323472664320576e-02,-4.1372846306180691e+01,1.5696926739612742e+00,1.0826928283106820e+00,
-1.4997295814208744e-01,3.2386792351575799e+00,-1.4030514582340743e+00,-1.4006226415366996e+00,1.0826928283106820e+00,1.0826928283106820e+00,
3.1998193075159098e+00,3.1998494050378326e+00,-1.4008392386915602e+00,5.4373318681951787e+01,-3.8533792280224688e-02,1.0826928283106820e+00,
3.2073493961427628e+00,3.0575064240983196e+00,-4.7509924712880292e-02,7.8830675524801336e+01,-1.1371878399630386e+00,1.0826928283106820e+00,
-2.3026068160077529e-04,3.2075218825415455e+00,3.7502596053987872e+01,7.8830675739258368e+01,-1.1371878399630369e+00,1.0826928283106838e+00,
-1.5031773761453437e-01,3.2385761630304000e+00,5.4373197561933921e+01,5.4373323053512649e+01,-3.8533792280222912e-02,1.0826928283106838e+00,
3.0575055454263276e+00,3.2073498881629017e+00,7.8830675524288381e+01,-4.7204495998965257e-02,1.0826928283106838e+00,1.5696926739612742e+00,
3.0499627826274378e+00,3.0499074475042889e+00,5.4374549528682110e+01,-1.4017688920690148e+00,1.5696926739612742e+00,1.5696926739612742e+00,
-1.6141223107767455e-01,3.2073486721703226e+00,-1.4018824977323447e+00,-1.4017586501207120e+00,1.5696926739612742e+00,1.5696926739612742e+00,
-1.4999707888793812e-01,3.2438827370846717e+00,-4.1375279445297565e+01,-4.7203940104983744e-02,1.0826928283106838e+00,1.5696926739612742e+00,
3.0573465863239520e+00,3.2073850032984033e+00,-4.1373177419680360e+01,3.7505129747563842e+01,-3.8533792280222912e-02,1.5696926739612742e+00,
3.0498928745316469e+00,3.0499636207298328e+00,-1.4020743002122344e+00,5.4374549528854914e+01,-1.1371878399630369e+00,1.5696926739612742e+00,
-1.6143395982942274e-01,3.2073493563045474e+00,5.4371903002298495e+01,5.4374558889528998e+01,-1.1371878399630369e+00,1.5696926739612742e+00,
-1.5033336968658739e-01,3.2437928822197790e+00,7.8830548711692245e+01,3.7505250475082903e+01,-3.8533792280222912e-02,1.5696926739612760e+00,
3.2075578757406582e+00,-2.3144923896428957e-04,7.8830675740795414e+01,3.7502817327560479e+01,1.0826928283106820e+00,1.5696926739612742e+00,
3.2073837054471852e+00,-1.6146907049579393e-01,5.4374558890804110e+01,5.4372124276120303e+01,1.5696926739612742e+00,1.5696926739612742e+00,
-1.6140812295615495e-01,-1.6147316507278825e-01,-1.4018839555729414e+00,5.4372114908543153e+01,1.5696926739612742e+00,1.5696926739612742e+00,
-1.5425923909532152e-01,-1.3960281230623428e-04,-4.1375397266107029e+01,3.7502699821846363e+01,1.0826928283106838e+00,1.5696926739612742e+00,
3.2075254809873357e+00,-1.3928428213498461e-04,-4.1373056978058230e+01,-4.7323472664047017e-02,-3.8533792280222912e-02,1.5696926739612742e+00,
3.2073340993187109e+00,-1.6141223065593224e-01,-1.4020640582634769e+00,-1.4018824977321174e+00,-1.1371878399630369e+00,1.5696926739612742e+00,
-1.6143805476091258e-01,-1.6140812266562699e-01,5.4371893634701337e+01,-1.4018839555733393e+00,-1.1371878399630377e+00,1.5696926739612742e+00,
-1.5435771329804085e-01,-2.3113008575915576e-04,7.8830548347517833e+01,-4.7323597618994739e-02,-3.8533792280222912e-02,1.5696926739612742e+00,
3.2386022399422956e+00,-1.5025076669503123e-01,5.4373323074423752e+01,5.4373205082873028e+01,1.0826928283106820e+00,1.0826928283106820e+00,
3.2438170694387480e+00,-1.5026302792292157e-01,3.7505250489863101e+01,7.8830556243003230e+01,1.5696926739612742e+00,1.0826928283106838e+00,
-2.3112985530617363e-04,-1.5426061849474834e-01,-4.7323597618680324e-02,7.8830555878826999e+01,1.5696926739612742e+00,1.0826928283106838e+00,
-1.5388440312544477e-01,-1.5389487996455484e-01,-1.4030572681236322e+00,5.4373197790342601e+01,1.0826928283106838e+00,1.0826928283106838e+00,
3.2386681833621012e+00,-1.5002147640298680e-01,-1.4008333110396052e+00,-1.4030514593179646e+00,-3.8533792280222912e-02,1.0826928283106838e+00,
3.2438754962113014e+00,-1.5004548026045650e-01,-4.7509368818937858e-02,-4.1375279460067759e+01,-1.1371878399630369e+00,1.0826928283106838e+00,
-1.3841463474987059e-04,-1.5425566911978045e-01,3.7502478548269210e+01,-4.1375397251296818e+01,-1.1371878399630386e+00,1.0826928283106838e+00,
-1.5389726336342252e-01,-1.5388321197649857e-01,5.4373190269408951e+01,-1.4030572677680198e+00,-3.8533792280224688e-02,1.0826928283106820e+00,
3.1998173281851447e+00,3.1998474259472998e+00,-1.4006285703248977e+00,5.4373311186180217e+01,1.0826928283106820e+00,-3.8533792280224688e-02,
3.2073473624439690e+00,3.0575328153784684e+00,-4.7204496074334301e-02,7.8830668059823438e+01,1.5696926739612742e+00,-3.8533792280222912e-02,
-2.3144897388066758e-04,3.2075776324447354e+00,3.7502817341628543e+01,7.8830668276337747e+01,1.5696926739612742e+00,-3.8533792280222912e-02,
-1.5020224849314268e-01,3.2386132951797837e+00,5.4373205103804139e+01,5.4373315599596026e+01,1.0826928283106838e+00,-3.8533792280222912e-02,
3.1998500761934969e+00,3.1998166605489766e+00,5.4373311207131337e+01,-1.4008392398277465e+00,-3.8533792280222912e-02,-3.8533792280222912e-02,
3.2073854987270254e+00,3.0573456978571563e+00,3.7504908474753393e+01,-4.1373177435163598e+01,-1.1371878399630369e+00,-3.8533792280222912e-02,
-1.4047530368457782e-04,3.2075614739492764e+00,-4.7628902813205087e-02,-4.1373056962534974e+01,-1.1371878399630386e+00,-3.8533792280222912e-02,
-1.4995450515029596e-01,3.2386942580291223e+00,-1.4032621286426661e+00,-1.4008333106666555e+00,-3.8533792280224688e-02,-3.8533792280224688e-02,
3.0573729642432395e+00,3.2073829694592231e+00,-4.1372966763296063e+01,3.7504908459937724e+01,1.0826928283106820e+00,-1.1371878399630386e+00,
3.0498731818846494e+00,3.0499829016010209e+00,-1.4017688930940722e+00,5.4374328255953515e+01,1.5696926739612742e+00,-1.1371878399630369e+00,
-1.6146907007404859e-01,3.2073982814885049e+00,5.4372124276271279e+01,5.4374337618102800e+01,1.5696926739612742e+00,-1.1371878399630369e+00,
-1.5021462660197904e-01,3.2438252258515963e+00,7.8830556243512547e+01,3.7505029217056290e+01,1.0826928283106838e+00,-1.1371878399630369e+00,
3.0575336940441962e+00,3.2073468701576560e+00,7.8830668060343669e+01,-4.7509924788300850e-02,-3.8533792280222912e-02,-1.1371878399630369e+00,
3.0499837396968381e+00,3.0498586087284139e+00,5.4374328256137233e+01,-1.4020743012377466e+00,-1.1371878399630369e+00,-1.1371878399630369e+00,
-1.6144733509150705e-01,3.2073684482501825e+00,-1.4021879482318127e+00,-1.4020640572354068e+00,-1.1371878399630377e+00,-1.1371878399630377e+00,
-1.4997513815983177e-01,3.2438979376541273e+00,-4.1375490126667501e+01,-4.7509368793974716e-02,-3.8533792280222912e-02,-1.1371878399630386e+00,
3.2075812267497987e+00,-1.4047519245914710e-04,-4.1372846290660164e+01,-4.7628902813418250e-02,1.0826928283106838e+00,-1.1371878399630369e+00,
3.2073830209182148e+00,-1.6144733525361782e-01,-1.4017586490926419e+00,-1.4021879482318127e+00,1.5696926739612742e+00,-1.1371878399630369e+00,
-1.6147316478225146e-01,-1.6144322743561609e-01,5.4372114907313517e+01,-1.4021894060722957e+00,1.5696926739612742e+00,-1.1371878399630377e+00,
-1.5426418918633278e-01,-2.3232088030822359e-04,7.8830555877280858e+01,-4.7629027767847276e-02,1.0826928283106838e+00,-1.1371878399630386e+00,
3.2075416394200325e+00,-2.3026079293859178e-04,7.8830668274800701e+01,3.7502596068058665e+01,-3.8533792280222912e-02,-1.1371878399630386e+00,
3.2073639325294501e+00,-1.6143395966730992e-01,5.4374337616820412e+01,5.4371903002454928e+01,-1.1371878399630377e+00,-1.1371878399630377e+00,
-1.6144322688545448e-01,-1.6143805421074350e-01,-1.4021894060719546e+00,5.4371893633471700e+01,-1.1371878399630369e+00,-1.1371878399630369e+00,
-1.5415857397115224e-01,-1.3841448889556797e-04,-4.1375607917903835e+01,3.7502478534232068e+01,-3.8533792280222912e-02,-1.1371878399630369e+00,
3.2387053095934313e+00,-1.4990598687605083e-01,-1.4006226411638636e+00,-1.4032621275583210e+00,1.0826928283106838e+00,-3.8533792280222912e-02,
3.2439058781453092e+00,-1.4992673677458579e-01,-4.7203940080056128e-02,-4.1375490111893669e+01,1.5696926739612760e+00,-3.8533792280222912e-02,
-1.3960304287375752e-04,-1.5416214394721095e-01,3.7502699807805584e+01,-4.1375607932706771e+01,1.5696926739612742e+00,-3.8533792280222912e-02,
-1.5389607092701771e-01,-1.5388201942854629e-01,5.4373197769469698e+01,-1.4032679374483337e+00,1.0826928283106820e+00,-3.8533792280224688e-02,
3.2385872184990507e+00,-1.5026921942604599e-01,5.4373315578690381e+01,5.4373197582868670e+01,-3.8533792280224688e-02,-3.8533792280224688e-02,
3.2438003402370885e+00,-1.5028496837839755e-01,3.7505029202277001e+01,7.8830548712199743e+01,-1.1371878399630386e+00,-3.8533792280222912e-02,
-2.3232073433970813e-04,-1.5436128398923293e-01,-4.7629027768092413e-02,7.8830548345960779e+01,-1.1371878399630369e+00,-3.8533792280222912e-02,
-1.5388082826113370e-01,-1.5389845430741150e-01,-1.4032679370924370e+00,5.4373190248526953e+01,-3.8533792280222912e-02,-3.8533792280222912e-02,

