1
1
6
0
(16 0
((0,0) (3,3) (0,0))
((4,0) (7,3) (0,0))
((8,0) (11,3) (0,0))
((12,0) (15,3) (0,0))
((0,4) (3,7) (0,0))
((4,4) (7,7) (0,0))
((8,4) (11,7) (0,0))
((12,4) (15,7) (0,0))
((0,8) (3,11) (0,0))
((4,8) (7,11) (0,0))
((8,8) (11,11) (0,0))
((12,8) (15,11) (0,0))
((0,12) (3,15) (0,0))
((4,12) (7,15) (0,0))
((8,12) (11,15) (0,0))
((12,12) (15,15) (0,0))
)
16
FabOnDisk: Cell_D_00000 0
FabOnDisk: Cell_D_00000 848
FabOnDisk: Cell_D_00000 1696
FabOnDisk: Cell_D_00000 2545
FabOnDisk: Cell_D_00000 3395
FabOnDisk: Cell_D_00000 4243
FabOnDisk: Cell_D_00000 5091
FabOnDisk: Cell_D_00000 5940
FabOnDisk: Cell_D_00000 6790
FabOnDisk: Cell_D_00000 7639
FabOnDisk: Cell_D_00000 8488
FabOnDisk: Cell_D_00000 9338
FabOnDisk: Cell_D_00000 10189
FabOnDisk: Cell_D_00000 11039
FabOnDisk: Cell_D_00000 11889
FabOnDisk: Cell_D_00000 12740

16,6
-3.3704483116240969e-02,3.3489055204413809e-02,2.8736276847785103e+00,-7.1254036230574656e+01,2.9863133620137017e-01,2.9863133620137017e-01,
-3.2649838236979569e+00,3.1571800848881093e-01,-7.1293948245722788e+01,-7.1248957249057156e+01,2.9863133620137017e-01,2.9863133620137017e-01,
3.5964702183659547e-02,-3.3505833359869008e-02,-7.1257642622709369e+01,2.8736427944138025e+00,-1.5013211100714612e+00,2.9863133620137017e-01,
-3.2386955031128641e+00,3.1571120366592020e-01,2.8213161032107834e+00,2.8837389844346717e+00,-1.5013211100714610e+00,2.9863133620137017e-01,
3.1632796901538329e-01,-3.2386371020110065e+00,2.8837442233931547e+00,2.8389783454594770e+00,2.9863133620137017e-01,2.9863133620137017e-01,
-3.5046793774686442e+00,-3.5347011622753208e+00,-7.1300822022263901e+01,2.8387571120835116e+00,2.9863133620137017e-01,2.9863133620137017e-01,
3.1820275081352967e-01,-3.2652078842109971e+00,-7.1252563310769347e+01,-7.1293962086341139e+01,-1.5013211100714610e+00,2.9863133620137017e-01,
-3.5347663747047990e+00,-3.5041172221870474e+00,2.8210948531148166e+00,-7.1300785379977526e+01,-1.5013211100714610e+00,2.9863133620137017e-01,
3.3245578765031869e-02,-3.6164789429522504e-02,-7.1254049920051273e+01,2.8559346222467692e+00,2.9863133620137017e-01,-1.5013211100714612e+00,
-3.2384580708667761e+00,3.1387159861481750e-01,2.8389785062294486e+00,2.8660511934763999e+00,2.9863133620137017e-01,-1.5013211100714610e+00,
-3.5966385291998915e-02,3.5720987262711557e-02,2.8559497204582645e+00,-7.1257656312568315e+01,-1.5013211100714610e+00,-1.5013211100714610e+00,
-3.2651707182728860e+00,3.1878546376809180e-01,-7.1297383706946619e+01,-7.1252524132455164e+01,-1.5013211100714612e+00,-1.5013211100714610e+00,
3.1630047186521359e-01,-3.2649464094065586e+00,-7.1248918072032467e+01,-7.1297369866741263e+01,2.9863133620137017e-01,-1.5013211100714610e+00,
-3.5352986870099290e+00,-3.5046490830393431e+00,2.8387571310565196e+00,-7.1304243928834495e+01,2.9863133620137017e-01,-1.5013211100714610e+00,
3.1325507345077086e-01,-3.2385167300374618e+00,2.8660459659651156e+00,2.8213162516057508e+00,-1.5013211100714610e+00,-1.5013211100714612e+00,
-3.5040866700525743e+00,-3.5353636503395718e+00,-7.1304207286098119e+01,2.8210948844765813e+00,-1.5013211100714610e+00,-1.5013211100714610e+00,

16,6
2.9626210972755018e+00,2.9473418522740009e+00,7.1311117926438811e+01,-2.7679512186569060e+00,1.5013211100714610e+00,1.5013211100714610e+00,
-6.5986910060504445e-02,3.4612476184356771e+00,-2.8008685848670005e+00,-2.7559978046668370e+00,1.5013211100714607e+00,1.5013211100714610e+00,
2.9474300707342640e+00,2.9637074441375306e+00,-2.7856122895454991e+00,7.1311131740255121e+01,-2.9863133620136995e-01,1.5013211100714612e+00,
-9.7925239988316093e-02,3.4404780373725519e+00,7.1267998516910268e+01,7.1316210243661203e+01,-2.9863133620137017e-01,1.5013211100714610e+00,
3.4420901329336009e+00,-9.8377240219975987e-02,7.1316249288328123e+01,7.1271609282347072e+01,1.5013211100714610e+00,1.5013211100714607e+00,
-1.0149695044910073e-01,-6.2785512202112259e-02,-2.8032409000626384e+00,7.1264024838407636e+01,1.5013211100714605e+00,1.5013211100714605e+00,
3.4613377737995950e+00,-6.5980151172944312e-02,-2.7736588817727483e+00,-2.8008684243314939e+00,-2.9863133620136972e-01,1.5013211100714607e+00,
-6.2336111562543761e-02,-1.0149676758580652e-01,7.1260413786572599e+01,-2.8032408781280846e+00,-2.9863133620137039e-01,1.5013211100714605e+00,
2.9462729198750086e+00,2.9625317399094890e+00,-2.7679660284599290e+00,7.1307691356672109e+01,1.5013211100714612e+00,-2.9863133620136995e-01,
-9.8370580409391367e-02,3.4418332414960218e+00,7.1271622339248978e+01,7.1312823049032716e+01,1.5013211100714607e+00,-2.9863133620136972e-01,
2.9636171478799924e+00,2.9463601901610428e+00,7.1307705169197476e+01,-2.7856271108020731e+00,-2.9863133620136972e-01,-2.9863133620136972e-01,
-6.6430795414962385e-02,3.4617112733049846e+00,-2.8185603034930047e+00,-2.7736536044105122e+00,-2.9863133620137039e-01,-2.9863133620136995e-01,
3.4616201771466844e+00,-6.6436220691250242e-02,-2.7559925387397275e+00,-2.8185604516480751e+00,1.5013211100714610e+00,-2.9863133620137017e-01,
-6.2785497302608337e-02,-1.0194771732596815e-01,7.1263987703807004e+01,-2.8209328224138819e+00,1.5013211100714605e+00,-2.9863133620137039e-01,
3.4402219466662354e+00,-9.7919913507160908e-02,7.1312784004740223e+01,7.1268011573360184e+01,-2.9863133620136995e-01,-2.9863133620137039e-01,
-1.0194620060151613e-01,-6.2334762401701042e-02,-2.8209327881152024e+00,7.1260376651571505e+01,-2.9863133620137017e-01,-2.9863133620137017e-01,

