1
1
3
0
(16 0
((0,0) (3,3) (0,0))
((4,0) (7,3) (0,0))
((8,0) (11,3) (0,0))
((12,0) (15,3) (0,0))
((0,4) (3,7) (0,0))
((4,4) (7,7) (0,0))
((8,4) (11,7) (0,0))
((12,4) (15,7) (0,0))
((0,8) (3,11) (0,0))
((4,8) (7,11) (0,0))
((8,8) (11,11) (0,0))
((12,8) (15,11) (0,0))
((0,12) (3,15) (0,0))
((4,12) (7,15) (0,0))
((8,12) (11,15) (0,0))
((12,12) (15,15) (0,0))
)
16
FabOnDisk: Cell_D_00000 0
FabOnDisk: Cell_D_00000 464
FabOnDisk: Cell_D_00000 928
FabOnDisk: Cell_D_00000 1393
FabOnDisk: Cell_D_00000 1859
FabOnDisk: Cell_D_00000 2323
FabOnDisk: Cell_D_00000 2787
FabOnDisk: Cell_D_00000 3252
FabOnDisk: Cell_D_00000 3718
FabOnDisk: Cell_D_00000 4183
FabOnDisk: Cell_D_00000 4648
FabOnDisk: Cell_D_00000 5114
FabOnDisk: Cell_D_00000 5581
FabOnDisk: Cell_D_00000 6047
FabOnDisk: Cell_D_00000 6513
FabOnDisk: Cell_D_00000 6980

16,3
-4.9039264020161522e-01,-9.6193976625564337e-01,3.8060233744356631e-02,
-1.9642373959677556e-01,3.8060233744356603e-02,3.8060233744356700e-02,
-1.9642373959677545e-01,3.8060233744356693e-02,-9.6193976625564326e-01,
-4.9039264020161522e-01,-9.6193976625564326e-01,-9.6193976625564337e-01,
-1.9642373959677556e-01,-9.6193976625564337e-01,-9.6193976625564337e-01,
9.7545161008064096e-02,3.8060233744356672e-02,-9.6193976625564337e-01,
9.7545161008064207e-02,3.8060233744356763e-02,3.8060233744356624e-02,
-1.9642373959677553e-01,-9.6193976625564326e-01,3.8060233744356693e-02,
-1.9642373959677545e-01,3.8060233744356652e-02,-9.6193976625564337e-01,
9.7545161008064207e-02,-9.6193976625564326e-01,-9.6193976625564337e-01,
9.7545161008064332e-02,-9.6193976625564326e-01,3.8060233744356714e-02,
-1.9642373959677542e-01,3.8060233744356645e-02,3.8060233744356790e-02,
-4.9039264020161522e-01,3.8060233744356721e-02,3.8060233744356624e-02,
-1.9642373959677553e-01,-9.6193976625564337e-01,3.8060233744356693e-02,
-1.9642373959677542e-01,-9.6193976625564337e-01,-9.6193976625564315e-01,
-4.9039264020161516e-01,3.8060233744356714e-02,-9.6193976625564326e-01,

16,3
-9.7545161008064166e-02,-3.8060233744356631e-02,9.6193976625564337e-01,
1.9642373959677553e-01,9.6193976625564337e-01,9.6193976625564337e-01,
1.9642373959677553e-01,9.6193976625564337e-01,-3.8060233744356652e-02,
-9.7545161008064152e-02,-3.8060233744356624e-02,-3.8060233744356721e-02,
1.9642373959677553e-01,-3.8060233744356700e-02,-3.8060233744356603e-02,
4.9039264020161522e-01,9.6193976625564337e-01,-3.8060233744356672e-02,
4.9039264020161522e-01,9.6193976625564337e-01,9.6193976625564326e-01,
1.9642373959677553e-01,-3.8060233744356693e-02,9.6193976625564337e-01,
1.9642373959677553e-01,9.6193976625564326e-01,-3.8060233744356693e-02,
4.9039264020161522e-01,-3.8060233744356624e-02,-3.8060233744356763e-02,
4.9039264020161522e-01,-3.8060233744356714e-02,9.6193976625564326e-01,
1.9642373959677553e-01,9.6193976625564315e-01,9.6193976625564337e-01,
-9.7545161008064152e-02,9.6193976625564337e-01,9.6193976625564326e-01,
1.9642373959677553e-01,-3.8060233744356693e-02,9.6193976625564326e-01,
1.9642373959677553e-01,-3.8060233744356790e-02,-3.8060233744356645e-02,
-9.7545161008064152e-02,9.6193976625564326e-01,-3.8060233744356714e-02,

