HyperCLaw-V1.1
3
pressure
U
V
2
0
0
0 0 
1 1 

((0,0) (127,127) (0,0)) 
0 
0.0078125 0.0078125 
0
0
0 64 0
0
0 0.125
0 0.125
0.125 0.25
0 0.125
0.25 0.375
0 0.125
0.375 0.5
0 0.125
0.5 0.625
0 0.125
0.625 0.75
0 0.125
0.75 0.875
0 0.125
0.875 1
0 0.125
0 0.125
0.125 0.25
0.125 0.25
0.125 0.25
0.25 0.375
0.125 0.25
0.375 0.5
0.125 0.25
0.5 0.625
0.125 0.25
0.625 0.75
0.125 0.25
0.75 0.875
0.125 0.25
0.875 1
0.125 0.25
0 0.125
0.25 0.375
0.125 0.25
0.25 0.375
0.25 0.375
0.25 0.375
0.375 0.5
0.25 0.375
0.5 0.625
0.25 0.375
0.625 0.75
0.25 0.375
0.75 0.875
0.25 0.375
0.875 1
0.25 0.375
0 0.125
0.375 0.5
0.125 0.25
0.375 0.5
0.25 0.375
0.375 0.5
0.375 0.5
0.375 0.5
0.5 0.625
0.375 0.5
0.625 0.75
0.375 0.5
0.75 0.875
0.375 0.5
0.875 1
0.375 0.5
0 0.125
0.5 0.625
0.125 0.25
0.5 0.625
0.25 0.375
0.5 0.625
0.375 0.5
0.5 0.625
0.5 0.625
0.5 0.625
0.625 0.75
0.5 0.625
0.75 0.875
0.5 0.625
0.875 1
0.5 0.625
0 0.125
0.625 0.75
0.125 0.25
0.625 0.75
0.25 0.375
0.625 0.75
0.375 0.5
0.625 0.75
0.5 0.625
0.625 0.75
0.625 0.75
0.625 0.75
0.75 0.875
0.625 0.75
0.875 1
0.625 0.75
0 0.125
0.75 0.875
0.125 0.25
0.75 0.875
0.25 0.375
0.75 0.875
0.375 0.5
0.75 0.875
0.5 0.625
0.75 0.875
0.625 0.75
0.75 0.875
0.75 0.875
0.75 0.875
0.875 1
0.75 0.875
0 0.125
0.875 1
0.125 0.25
0.875 1
0.25 0.375
0.875 1
0.375 0.5
0.875 1
0.5 0.625
0.875 1
0.625 0.75
0.875 1
0.75 0.875
0.875 1
0.875 1
0.875 1
Level_0/Cell
